,tn,fp,fn,tp,percentage
0,0.00036036036036036037,0.0,0.9726126126126126,0.02702702702702703,0.01
1,0.0007207207207207207,0.0,0.9722522522522522,0.02702702702702703,0.02
2,0.001081081081081081,0.0,0.9718918918918918,0.02702702702702703,0.03
3,0.001081081081081081,0.0,0.9718918918918918,0.02702702702702703,0.04
4,0.002162162162162162,0.0,0.9708108108108108,0.02702702702702703,0.05
5,0.0036036036036036037,0.0,0.9693693693693693,0.02702702702702703,0.06
6,0.0036036036036036037,0.0,0.9693693693693693,0.02702702702702703,0.07
7,0.007207207207207207,0.0,0.9657657657657658,0.02702702702702703,0.08
8,0.014054054054054054,0.0,0.9589189189189189,0.02702702702702703,0.09
9,0.024504504504504504,0.0,0.9484684684684684,0.02702702702702703,0.1
10,0.024504504504504504,0.0,0.9484684684684684,0.02702702702702703,0.11
11,0.04540540540540541,0.0,0.9275675675675675,0.02702702702702703,0.12
12,0.06774774774774775,0.0,0.9052252252252252,0.02702702702702703,0.13
13,0.06774774774774775,0.0,0.9052252252252252,0.02702702702702703,0.14
14,0.09765765765765766,0.0,0.8753153153153154,0.02702702702702703,0.15
15,0.14198198198198198,0.0,0.8309909909909909,0.02702702702702703,0.16
16,0.19675675675675675,0.0,0.7762162162162162,0.02702702702702703,0.17
17,0.19675675675675675,0.0,0.7762162162162162,0.02702702702702703,0.18
18,0.2637837837837838,0.0,0.7091891891891892,0.02702702702702703,0.19
19,0.3387387387387387,0.0,0.6342342342342342,0.02702702702702703,0.2
20,0.3387387387387387,0.0,0.6342342342342342,0.02702702702702703,0.21
21,0.4205405405405405,0.0,0.5524324324324325,0.02702702702702703,0.22
22,0.4944144144144144,0.0,0.47855855855855856,0.02702702702702703,0.23
23,0.5607207207207208,0.0,0.41225225225225226,0.02702702702702703,0.24
24,0.5607207207207208,0.0,0.41225225225225226,0.02702702702702703,0.25
25,0.6252252252252253,0.0,0.34774774774774775,0.02702702702702703,0.26
26,0.6886486486486486,0.0,0.2843243243243243,0.02702702702702703,0.27
27,0.6886486486486486,0.0,0.2843243243243243,0.02702702702702703,0.28
28,0.7326126126126126,0.0,0.24036036036036035,0.02702702702702703,0.29
29,0.7834234234234234,0.00036036036036036037,0.18954954954954956,0.02666666666666667,0.3
30,0.8223423423423424,0.00036036036036036037,0.15063063063063062,0.02666666666666667,0.31
31,0.8223423423423424,0.00036036036036036037,0.15063063063063062,0.02666666666666667,0.32
32,0.8536936936936937,0.0007207207207207207,0.11927927927927928,0.026306306306306305,0.33
33,0.8785585585585586,0.001081081081081081,0.09441441441441441,0.025945945945945945,0.34
34,0.8785585585585586,0.001081081081081081,0.09441441441441441,0.025945945945945945,0.35
35,0.9023423423423423,0.001081081081081081,0.07063063063063063,0.025945945945945945,0.36
36,0.9181981981981981,0.001081081081081081,0.05477477477477478,0.025945945945945945,0.37
37,0.9181981981981981,0.001081081081081081,0.05477477477477478,0.025945945945945945,0.38
38,0.9322522522522523,0.0018018018018018018,0.04072072072072072,0.025225225225225224,0.39
39,0.9441441441441442,0.0025225225225225223,0.02882882882882883,0.024504504504504504,0.4
40,0.9517117117117118,0.003963963963963964,0.021261261261261263,0.023063063063063063,0.41
41,0.9517117117117118,0.003963963963963964,0.021261261261261263,0.023063063063063063,0.42
42,0.9578378378378378,0.0046846846846846845,0.015135135135135135,0.022342342342342343,0.43
43,0.9632432432432433,0.005765765765765766,0.00972972972972973,0.021261261261261263,0.44
44,0.9632432432432433,0.005765765765765766,0.00972972972972973,0.021261261261261263,0.45
45,0.9675675675675676,0.006126126126126126,0.005405405405405406,0.020900900900900903,0.46
46,0.9686486486486486,0.006486486486486486,0.004324324324324324,0.02054054054054054,0.47
47,0.969009009009009,0.006846846846846847,0.003963963963963964,0.02018018018018018,0.48
48,0.969009009009009,0.006846846846846847,0.003963963963963964,0.02018018018018018,0.49
49,0.9697297297297297,0.006846846846846847,0.003243243243243243,0.02018018018018018,0.5
50,0.9704504504504504,0.007927927927927928,0.0025225225225225223,0.0190990990990991,0.51
51,0.9704504504504504,0.007927927927927928,0.0025225225225225223,0.0190990990990991,0.52
52,0.9711711711711711,0.008288288288288289,0.0018018018018018018,0.018738738738738738,0.53
53,0.9718918918918918,0.009369369369369369,0.001081081081081081,0.017657657657657658,0.54
54,0.9722522522522522,0.00972972972972973,0.0007207207207207207,0.017297297297297298,0.55
55,0.9722522522522522,0.00972972972972973,0.0007207207207207207,0.017297297297297298,0.56
56,0.972972972972973,0.01009009009009009,0.0,0.016936936936936937,0.57
57,0.972972972972973,0.010810810810810811,0.0,0.016216216216216217,0.58
58,0.972972972972973,0.010810810810810811,0.0,0.016216216216216217,0.59
59,0.972972972972973,0.012972972972972972,0.0,0.014054054054054054,0.6
60,0.972972972972973,0.014054054054054054,0.0,0.012972972972972972,0.61
61,0.972972972972973,0.014774774774774775,0.0,0.012252252252252252,0.62
62,0.972972972972973,0.014774774774774775,0.0,0.012252252252252252,0.63
63,0.972972972972973,0.015855855855855857,0.0,0.011171171171171172,0.64
64,0.972972972972973,0.017657657657657658,0.0,0.009369369369369369,0.65
65,0.972972972972973,0.017657657657657658,0.0,0.009369369369369369,0.66
66,0.972972972972973,0.018378378378378378,0.0,0.008648648648648649,0.67
67,0.972972972972973,0.0190990990990991,0.0,0.007927927927927928,0.68
68,0.972972972972973,0.0190990990990991,0.0,0.007927927927927928,0.69
69,0.972972972972973,0.02054054054054054,0.0,0.006486486486486486,0.7
70,0.972972972972973,0.02054054054054054,0.0,0.006486486486486486,0.71
71,0.972972972972973,0.021981981981981983,0.0,0.005045045045045045,0.72
72,0.972972972972973,0.021981981981981983,0.0,0.005045045045045045,0.73
73,0.972972972972973,0.021981981981981983,0.0,0.005045045045045045,0.74
74,0.972972972972973,0.022702702702702703,0.0,0.004324324324324324,0.75
75,0.972972972972973,0.022702702702702703,0.0,0.004324324324324324,0.76
76,0.972972972972973,0.022702702702702703,0.0,0.004324324324324324,0.77
77,0.972972972972973,0.023063063063063063,0.0,0.003963963963963964,0.78
78,0.972972972972973,0.023423423423423424,0.0,0.0036036036036036037,0.79
79,0.972972972972973,0.023423423423423424,0.0,0.0036036036036036037,0.8
80,0.972972972972973,0.023783783783783784,0.0,0.003243243243243243,0.81
81,0.972972972972973,0.024144144144144144,0.0,0.002882882882882883,0.82
82,0.972972972972973,0.024144144144144144,0.0,0.002882882882882883,0.83
83,0.972972972972973,0.024504504504504504,0.0,0.0025225225225225223,0.84
84,0.972972972972973,0.024864864864864864,0.0,0.002162162162162162,0.85
85,0.972972972972973,0.025585585585585584,0.0,0.0014414414414414415,0.86
86,0.972972972972973,0.025585585585585584,0.0,0.0014414414414414415,0.87
87,0.972972972972973,0.025945945945945945,0.0,0.001081081081081081,0.88
88,0.972972972972973,0.025945945945945945,0.0,0.001081081081081081,0.89
89,0.972972972972973,0.025945945945945945,0.0,0.001081081081081081,0.9
90,0.972972972972973,0.026306306306306305,0.0,0.0007207207207207207,0.91
91,0.972972972972973,0.026306306306306305,0.0,0.0007207207207207207,0.92
92,0.972972972972973,0.026306306306306305,0.0,0.0007207207207207207,0.93
93,0.972972972972973,0.026306306306306305,0.0,0.0007207207207207207,0.94
94,0.972972972972973,0.026306306306306305,0.0,0.0007207207207207207,0.95
95,0.972972972972973,0.026306306306306305,0.0,0.0007207207207207207,0.96
96,0.972972972972973,0.026306306306306305,0.0,0.0007207207207207207,0.97
97,0.972972972972973,0.026306306306306305,0.0,0.0007207207207207207,0.98
98,0.972972972972973,0.02666666666666667,0.0,0.00036036036036036037,0.99
99,0.972972972972973,0.02666666666666667,0.0,0.00036036036036036037,1.0
