,tn,fp,fn,tp,percentage
0,0.001081081081081081,0.0,0.9718918918918918,0.02702702702702703,0.01
1,0.003243243243243243,0.0,0.9697297297297297,0.02702702702702703,0.02
2,0.0046846846846846845,0.0,0.9682882882882883,0.02702702702702703,0.03
3,0.006846846846846847,0.0,0.9661261261261261,0.02702702702702703,0.04
4,0.010810810810810811,0.0,0.9621621621621622,0.02702702702702703,0.05
5,0.014414414414414415,0.0,0.9585585585585585,0.02702702702702703,0.06
6,0.02018018018018018,0.0,0.9527927927927928,0.02702702702702703,0.07
7,0.033873873873873875,0.0,0.939099099099099,0.02702702702702703,0.08
8,0.05297297297297297,0.0,0.92,0.02702702702702703,0.09
9,0.07891891891891892,0.0,0.894054054054054,0.02702702702702703,0.1
10,0.10846846846846847,0.0,0.8645045045045046,0.02702702702702703,0.11
11,0.15711711711711712,0.0,0.8158558558558558,0.02702702702702703,0.12
12,0.20468468468468468,0.0,0.7682882882882883,0.02702702702702703,0.13
13,0.2637837837837838,0.0,0.7091891891891892,0.02702702702702703,0.14
14,0.338018018018018,0.0,0.6349549549549549,0.02702702702702703,0.15
15,0.41405405405405404,0.0,0.5589189189189189,0.02702702702702703,0.16
16,0.41405405405405404,0.0,0.5589189189189189,0.02702702702702703,0.17
17,0.489009009009009,0.0,0.48396396396396396,0.02702702702702703,0.18
18,0.5646846846846847,0.0,0.4082882882882883,0.02702702702702703,0.19
19,0.630990990990991,0.0,0.341981981981982,0.02702702702702703,0.2
20,0.6936936936936937,0.0,0.27927927927927926,0.02702702702702703,0.21
21,0.7441441441441441,0.0,0.22882882882882882,0.02702702702702703,0.22
22,0.7935135135135135,0.0,0.17945945945945946,0.02702702702702703,0.23
23,0.8309909909909909,0.0,0.14198198198198198,0.02702702702702703,0.24
24,0.8666666666666667,0.0,0.1063063063063063,0.02702702702702703,0.25
25,0.8882882882882883,0.00036036036036036037,0.08468468468468468,0.02666666666666667,0.26
26,0.9088288288288289,0.0007207207207207207,0.06414414414414414,0.026306306306306305,0.27
27,0.9218018018018018,0.001081081081081081,0.05117117117117117,0.025945945945945945,0.28
28,0.9333333333333333,0.002162162162162162,0.03963963963963964,0.024864864864864864,0.29
29,0.9430630630630631,0.0025225225225225223,0.02990990990990991,0.024504504504504504,0.3
30,0.9499099099099099,0.002882882882882883,0.023063063063063063,0.024144144144144144,0.31
31,0.954954954954955,0.003243243243243243,0.018018018018018018,0.023783783783783784,0.32
32,0.9585585585585585,0.0036036036036036037,0.014414414414414415,0.023423423423423424,0.33
33,0.9585585585585585,0.0036036036036036037,0.014414414414414415,0.023423423423423424,0.34
34,0.96,0.003963963963963964,0.012972972972972972,0.023063063063063063,0.35
35,0.9618018018018017,0.0046846846846846845,0.011171171171171172,0.022342342342342343,0.36
36,0.9643243243243244,0.005765765765765766,0.008648648648648649,0.021261261261261263,0.37
37,0.9664864864864865,0.006126126126126126,0.006486486486486486,0.020900900900900903,0.38
38,0.9675675675675676,0.006486486486486486,0.005405405405405406,0.02054054054054054,0.39
39,0.9697297297297297,0.006846846846846847,0.003243243243243243,0.02018018018018018,0.4
40,0.9704504504504504,0.006846846846846847,0.0025225225225225223,0.02018018018018018,0.41
41,0.9715315315315315,0.007207207207207207,0.0014414414414414415,0.01981981981981982,0.42
42,0.9718918918918918,0.008288288288288289,0.001081081081081081,0.018738738738738738,0.43
43,0.9718918918918918,0.009009009009009009,0.001081081081081081,0.018018018018018018,0.44
44,0.9722522522522522,0.00972972972972973,0.0007207207207207207,0.017297297297297298,0.45
45,0.9722522522522522,0.010450450450450451,0.0007207207207207207,0.016576576576576577,0.46
46,0.9722522522522522,0.011531531531531532,0.0007207207207207207,0.015495495495495495,0.47
47,0.972972972972973,0.012972972972972972,0.0,0.014054054054054054,0.48
48,0.972972972972973,0.014414414414414415,0.0,0.012612612612612612,0.49
49,0.972972972972973,0.014414414414414415,0.0,0.012612612612612612,0.5
50,0.972972972972973,0.015135135135135135,0.0,0.011891891891891892,0.51
51,0.972972972972973,0.016216216216216217,0.0,0.010810810810810811,0.52
52,0.972972972972973,0.016576576576576577,0.0,0.010450450450450451,0.53
53,0.972972972972973,0.017297297297297298,0.0,0.00972972972972973,0.54
54,0.972972972972973,0.017657657657657658,0.0,0.009369369369369369,0.55
55,0.972972972972973,0.018018018018018018,0.0,0.009009009009009009,0.56
56,0.972972972972973,0.018738738738738738,0.0,0.008288288288288289,0.57
57,0.972972972972973,0.01981981981981982,0.0,0.007207207207207207,0.58
58,0.972972972972973,0.020900900900900903,0.0,0.006126126126126126,0.59
59,0.972972972972973,0.021261261261261263,0.0,0.005765765765765766,0.6
60,0.972972972972973,0.021981981981981983,0.0,0.005045045045045045,0.61
61,0.972972972972973,0.021981981981981983,0.0,0.005045045045045045,0.62
62,0.972972972972973,0.021981981981981983,0.0,0.005045045045045045,0.63
63,0.972972972972973,0.022342342342342343,0.0,0.0046846846846846845,0.64
64,0.972972972972973,0.023063063063063063,0.0,0.003963963963963964,0.65
65,0.972972972972973,0.023423423423423424,0.0,0.0036036036036036037,0.66
66,0.972972972972973,0.023423423423423424,0.0,0.0036036036036036037,0.67
67,0.972972972972973,0.023783783783783784,0.0,0.003243243243243243,0.68
68,0.972972972972973,0.024144144144144144,0.0,0.002882882882882883,0.69
69,0.972972972972973,0.024864864864864864,0.0,0.002162162162162162,0.7
70,0.972972972972973,0.024864864864864864,0.0,0.002162162162162162,0.71
71,0.972972972972973,0.024864864864864864,0.0,0.002162162162162162,0.72
72,0.972972972972973,0.024864864864864864,0.0,0.002162162162162162,0.73
73,0.972972972972973,0.024864864864864864,0.0,0.002162162162162162,0.74
74,0.972972972972973,0.025225225225225224,0.0,0.0018018018018018018,0.75
75,0.972972972972973,0.025225225225225224,0.0,0.0018018018018018018,0.76
76,0.972972972972973,0.025225225225225224,0.0,0.0018018018018018018,0.77
77,0.972972972972973,0.025225225225225224,0.0,0.0018018018018018018,0.78
78,0.972972972972973,0.025225225225225224,0.0,0.0018018018018018018,0.79
79,0.972972972972973,0.025585585585585584,0.0,0.0014414414414414415,0.8
80,0.972972972972973,0.025945945945945945,0.0,0.001081081081081081,0.81
81,0.972972972972973,0.025945945945945945,0.0,0.001081081081081081,0.82
82,0.972972972972973,0.025945945945945945,0.0,0.001081081081081081,0.83
83,0.972972972972973,0.025945945945945945,0.0,0.001081081081081081,0.84
84,0.972972972972973,0.026306306306306305,0.0,0.0007207207207207207,0.85
85,0.972972972972973,0.026306306306306305,0.0,0.0007207207207207207,0.86
86,0.972972972972973,0.026306306306306305,0.0,0.0007207207207207207,0.87
87,0.972972972972973,0.026306306306306305,0.0,0.0007207207207207207,0.88
88,0.972972972972973,0.026306306306306305,0.0,0.0007207207207207207,0.89
89,0.972972972972973,0.026306306306306305,0.0,0.0007207207207207207,0.9
90,0.972972972972973,0.026306306306306305,0.0,0.0007207207207207207,0.91
91,0.972972972972973,0.026306306306306305,0.0,0.0007207207207207207,0.92
92,0.972972972972973,0.026306306306306305,0.0,0.0007207207207207207,0.93
93,0.972972972972973,0.026306306306306305,0.0,0.0007207207207207207,0.94
94,0.972972972972973,0.026306306306306305,0.0,0.0007207207207207207,0.95
95,0.972972972972973,0.026306306306306305,0.0,0.0007207207207207207,0.96
96,0.972972972972973,0.02666666666666667,0.0,0.00036036036036036037,0.97
97,0.972972972972973,0.02666666666666667,0.0,0.00036036036036036037,0.98
98,0.972972972972973,0.02666666666666667,0.0,0.00036036036036036037,0.99
99,0.972972972972973,0.02666666666666667,0.0,0.00036036036036036037,1.0
