,tn,fp,fn,tp,percentage
0,0.002882882882882883,0.0,0.9700900900900901,0.02702702702702703,0.01
1,0.004324324324324324,0.0,0.9686486486486486,0.02702702702702703,0.02
2,0.006846846846846847,0.0,0.9661261261261261,0.02702702702702703,0.03
3,0.00972972972972973,0.0,0.9632432432432433,0.02702702702702703,0.04
4,0.012612612612612612,0.0,0.9603603603603603,0.02702702702702703,0.05
5,0.017297297297297298,0.0,0.9556756756756757,0.02702702702702703,0.06
6,0.024144144144144144,0.0,0.9488288288288288,0.02702702702702703,0.07
7,0.03567567567567568,0.0,0.9372972972972973,0.02702702702702703,0.08
8,0.05009009009009009,0.0,0.9228828828828829,0.02702702702702703,0.09
9,0.06954954954954955,0.0,0.9034234234234234,0.02702702702702703,0.1
10,0.09045045045045046,0.0,0.8825225225225225,0.02702702702702703,0.11
11,0.11711711711711711,0.0,0.8558558558558559,0.02702702702702703,0.12
12,0.150990990990991,0.0,0.821981981981982,0.02702702702702703,0.13
13,0.18846846846846846,0.0,0.7845045045045045,0.02702702702702703,0.14
14,0.22774774774774775,0.0,0.7452252252252253,0.02702702702702703,0.15
15,0.270990990990991,0.0,0.701981981981982,0.02702702702702703,0.16
16,0.32216216216216215,0.0,0.6508108108108108,0.02702702702702703,0.17
17,0.3823423423423423,0.0,0.5906306306306306,0.02702702702702703,0.18
18,0.45117117117117117,0.0,0.5218018018018018,0.02702702702702703,0.19
19,0.4998198198198198,0.0,0.47315315315315315,0.02702702702702703,0.2
20,0.5563963963963964,0.0,0.4165765765765766,0.02702702702702703,0.21
21,0.6111711711711711,0.0,0.3618018018018018,0.02702702702702703,0.22
22,0.6641441441441441,0.0,0.30882882882882884,0.02702702702702703,0.23
23,0.7052252252252252,0.0,0.26774774774774773,0.02702702702702703,0.24
24,0.7491891891891892,0.0,0.22378378378378377,0.02702702702702703,0.25
25,0.7827027027027027,0.0,0.19027027027027027,0.02702702702702703,0.26
26,0.8126126126126126,0.00036036036036036037,0.16036036036036036,0.02666666666666667,0.27
27,0.8407207207207207,0.00036036036036036037,0.13225225225225226,0.02666666666666667,0.28
28,0.8666666666666667,0.00036036036036036037,0.1063063063063063,0.02666666666666667,0.29
29,0.8864864864864865,0.0007207207207207207,0.08648648648648649,0.026306306306306305,0.3
30,0.9023423423423423,0.0007207207207207207,0.07063063063063063,0.026306306306306305,0.31
31,0.9138738738738739,0.0014414414414414415,0.0590990990990991,0.025585585585585584,0.32
32,0.9225225225225225,0.0018018018018018018,0.05045045045045045,0.025225225225225224,0.33
33,0.9416216216216217,0.0025225225225225223,0.03135135135135135,0.024504504504504504,0.34
34,0.947027027027027,0.002882882882882883,0.025945945945945945,0.024144144144144144,0.35
35,0.9517117117117118,0.003243243243243243,0.021261261261261263,0.023783783783783784,0.36
36,0.9553153153153153,0.0036036036036036037,0.017657657657657658,0.023423423423423424,0.37
37,0.9574774774774775,0.004324324324324324,0.015495495495495495,0.022702702702702703,0.38
38,0.9585585585585585,0.0046846846846846845,0.014414414414414415,0.022342342342342343,0.39
39,0.9603603603603603,0.005045045045045045,0.012612612612612612,0.021981981981981983,0.4
40,0.9621621621621622,0.005405405405405406,0.010810810810810811,0.021621621621621623,0.41
41,0.9650450450450451,0.006126126126126126,0.007927927927927928,0.020900900900900903,0.42
42,0.9672072072072072,0.006126126126126126,0.005765765765765766,0.020900900900900903,0.43
43,0.969009009009009,0.006486486486486486,0.003963963963963964,0.02054054054054054,0.44
44,0.9697297297297297,0.007207207207207207,0.003243243243243243,0.01981981981981982,0.45
45,0.9700900900900901,0.007207207207207207,0.002882882882882883,0.01981981981981982,0.46
46,0.9708108108108108,0.007927927927927928,0.002162162162162162,0.0190990990990991,0.47
47,0.9715315315315315,0.008288288288288289,0.0014414414414414415,0.018738738738738738,0.48
48,0.9718918918918918,0.008648648648648649,0.001081081081081081,0.018378378378378378,0.49
49,0.9722522522522522,0.00972972972972973,0.0007207207207207207,0.017297297297297298,0.5
50,0.9722522522522522,0.01009009009009009,0.0007207207207207207,0.016936936936936937,0.51
51,0.9722522522522522,0.010810810810810811,0.0007207207207207207,0.016216216216216217,0.52
52,0.9722522522522522,0.011891891891891892,0.0007207207207207207,0.015135135135135135,0.53
53,0.9722522522522522,0.012972972972972972,0.0007207207207207207,0.014054054054054054,0.54
54,0.972972972972973,0.013693693693693694,0.0,0.013333333333333334,0.55
55,0.972972972972973,0.015855855855855857,0.0,0.011171171171171172,0.56
56,0.972972972972973,0.016216216216216217,0.0,0.010810810810810811,0.57
57,0.972972972972973,0.016216216216216217,0.0,0.010810810810810811,0.58
58,0.972972972972973,0.016936936936936937,0.0,0.01009009009009009,0.59
59,0.972972972972973,0.017657657657657658,0.0,0.009369369369369369,0.6
60,0.972972972972973,0.017657657657657658,0.0,0.009369369369369369,0.61
61,0.972972972972973,0.018378378378378378,0.0,0.008648648648648649,0.62
62,0.972972972972973,0.018738738738738738,0.0,0.008288288288288289,0.63
63,0.972972972972973,0.0190990990990991,0.0,0.007927927927927928,0.64
64,0.972972972972973,0.02054054054054054,0.0,0.006486486486486486,0.65
65,0.972972972972973,0.020900900900900903,0.0,0.006126126126126126,0.66
66,0.972972972972973,0.022702702702702703,0.0,0.004324324324324324,0.67
67,0.972972972972973,0.022702702702702703,0.0,0.004324324324324324,0.68
68,0.972972972972973,0.023063063063063063,0.0,0.003963963963963964,0.69
69,0.972972972972973,0.023423423423423424,0.0,0.0036036036036036037,0.7
70,0.972972972972973,0.023783783783783784,0.0,0.003243243243243243,0.71
71,0.972972972972973,0.023783783783783784,0.0,0.003243243243243243,0.72
72,0.972972972972973,0.024144144144144144,0.0,0.002882882882882883,0.73
73,0.972972972972973,0.024504504504504504,0.0,0.0025225225225225223,0.74
74,0.972972972972973,0.024504504504504504,0.0,0.0025225225225225223,0.75
75,0.972972972972973,0.024864864864864864,0.0,0.002162162162162162,0.76
76,0.972972972972973,0.024864864864864864,0.0,0.002162162162162162,0.77
77,0.972972972972973,0.024864864864864864,0.0,0.002162162162162162,0.78
78,0.972972972972973,0.024864864864864864,0.0,0.002162162162162162,0.79
79,0.972972972972973,0.025225225225225224,0.0,0.0018018018018018018,0.8
80,0.972972972972973,0.025225225225225224,0.0,0.0018018018018018018,0.81
81,0.972972972972973,0.025585585585585584,0.0,0.0014414414414414415,0.82
82,0.972972972972973,0.025585585585585584,0.0,0.0014414414414414415,0.83
83,0.972972972972973,0.025585585585585584,0.0,0.0014414414414414415,0.84
84,0.972972972972973,0.025945945945945945,0.0,0.001081081081081081,0.85
85,0.972972972972973,0.026306306306306305,0.0,0.0007207207207207207,0.86
86,0.972972972972973,0.026306306306306305,0.0,0.0007207207207207207,0.87
87,0.972972972972973,0.026306306306306305,0.0,0.0007207207207207207,0.88
88,0.972972972972973,0.026306306306306305,0.0,0.0007207207207207207,0.89
89,0.972972972972973,0.026306306306306305,0.0,0.0007207207207207207,0.9
90,0.972972972972973,0.026306306306306305,0.0,0.0007207207207207207,0.91
91,0.972972972972973,0.026306306306306305,0.0,0.0007207207207207207,0.92
92,0.972972972972973,0.026306306306306305,0.0,0.0007207207207207207,0.93
93,0.972972972972973,0.026306306306306305,0.0,0.0007207207207207207,0.94
94,0.972972972972973,0.026306306306306305,0.0,0.0007207207207207207,0.95
95,0.972972972972973,0.026306306306306305,0.0,0.0007207207207207207,0.96
96,0.972972972972973,0.02666666666666667,0.0,0.00036036036036036037,0.97
97,0.972972972972973,0.02666666666666667,0.0,0.00036036036036036037,0.98
98,0.972972972972973,0.02666666666666667,0.0,0.00036036036036036037,0.99
99,0.972972972972973,0.02666666666666667,0.0,0.00036036036036036037,1.0
