,tn,fp,fn,tp,percentage
0,0.0014414414414414415,0.0,0.9715315315315315,0.02702702702702703,0.01
1,0.003243243243243243,0.0,0.9697297297297297,0.02702702702702703,0.02
2,0.004324324324324324,0.0,0.9686486486486486,0.02702702702702703,0.03
3,0.0075675675675675675,0.0,0.9654054054054054,0.02702702702702703,0.04
4,0.01009009009009009,0.0,0.9628828828828829,0.02702702702702703,0.05
5,0.013333333333333334,0.0,0.9596396396396396,0.02702702702702703,0.06
6,0.01945945945945946,0.0,0.9535135135135135,0.02702702702702703,0.07
7,0.02918918918918919,0.0,0.9437837837837838,0.02702702702702703,0.08
8,0.043963963963963966,0.0,0.929009009009009,0.02702702702702703,0.09
9,0.0609009009009009,0.0,0.9120720720720721,0.02702702702702703,0.1
10,0.08324324324324324,0.0,0.8897297297297297,0.02702702702702703,0.11
11,0.11135135135135135,0.0,0.8616216216216216,0.02702702702702703,0.12
12,0.1499099099099099,0.0,0.8230630630630631,0.02702702702702703,0.13
13,0.19423423423423422,0.0,0.7787387387387388,0.02702702702702703,0.14
14,0.24144144144144145,0.0,0.7315315315315315,0.02702702702702703,0.15
15,0.2944144144144144,0.0,0.6785585585585585,0.02702702702702703,0.16
16,0.35855855855855856,0.0,0.6144144144144145,0.02702702702702703,0.17
17,0.4320720720720721,0.0,0.5409009009009009,0.02702702702702703,0.18
18,0.4969369369369369,0.0,0.47603603603603606,0.02702702702702703,0.19
19,0.5636036036036036,0.0,0.40936936936936935,0.02702702702702703,0.2
20,0.6216216216216216,0.0,0.35135135135135137,0.02702702702702703,0.21
21,0.6742342342342342,0.0,0.29873873873873874,0.02702702702702703,0.22
22,0.7243243243243244,0.0,0.24864864864864866,0.02702702702702703,0.23
23,0.7675675675675676,0.0,0.20540540540540542,0.02702702702702703,0.24
24,0.8082882882882882,0.0,0.1646846846846847,0.02702702702702703,0.25
25,0.8403603603603603,0.00036036036036036037,0.13261261261261262,0.02666666666666667,0.26
26,0.865945945945946,0.00036036036036036037,0.10702702702702703,0.02666666666666667,0.27
27,0.8893693693693694,0.0007207207207207207,0.08360360360360361,0.026306306306306305,0.28
28,0.9034234234234234,0.0007207207207207207,0.06954954954954955,0.026306306306306305,0.29
29,0.9192792792792793,0.0014414414414414415,0.05369369369369369,0.025585585585585584,0.3
30,0.9268468468468468,0.0018018018018018018,0.04612612612612613,0.025225225225225224,0.31
31,0.9362162162162162,0.0025225225225225223,0.036756756756756756,0.024504504504504504,0.32
32,0.9455855855855856,0.0025225225225225223,0.02738738738738739,0.024504504504504504,0.33
33,0.9524324324324325,0.002882882882882883,0.02054054054054054,0.024144144144144144,0.34
34,0.9556756756756757,0.003243243243243243,0.017297297297297298,0.023783783783783784,0.35
35,0.9578378378378378,0.003963963963963964,0.015135135135135135,0.023063063063063063,0.36
36,0.9592792792792793,0.0046846846846846845,0.013693693693693694,0.022342342342342343,0.37
37,0.961081081081081,0.005405405405405406,0.011891891891891892,0.021621621621621623,0.38
38,0.9628828828828829,0.006126126126126126,0.01009009009009009,0.020900900900900903,0.39
39,0.9661261261261261,0.006126126126126126,0.006846846846846847,0.020900900900900903,0.4
40,0.9668468468468469,0.006486486486486486,0.006126126126126126,0.02054054054054054,0.41
41,0.969009009009009,0.006846846846846847,0.003963963963963964,0.02018018018018018,0.42
42,0.9704504504504504,0.006846846846846847,0.0025225225225225223,0.02018018018018018,0.43
43,0.9708108108108108,0.007207207207207207,0.002162162162162162,0.01981981981981982,0.44
44,0.9711711711711711,0.007207207207207207,0.0018018018018018018,0.01981981981981982,0.45
45,0.9718918918918918,0.009009009009009009,0.001081081081081081,0.018018018018018018,0.46
46,0.9718918918918918,0.009009009009009009,0.001081081081081081,0.018018018018018018,0.47
47,0.9722522522522522,0.01009009009009009,0.0007207207207207207,0.016936936936936937,0.48
48,0.9722522522522522,0.010810810810810811,0.0007207207207207207,0.016216216216216217,0.49
49,0.9722522522522522,0.011891891891891892,0.0007207207207207207,0.015135135135135135,0.5
50,0.9722522522522522,0.012612612612612612,0.0007207207207207207,0.014414414414414415,0.51
51,0.972972972972973,0.013693693693693694,0.0,0.013333333333333334,0.52
52,0.972972972972973,0.015495495495495495,0.0,0.011531531531531532,0.53
53,0.972972972972973,0.015855855855855857,0.0,0.011171171171171172,0.54
54,0.972972972972973,0.016936936936936937,0.0,0.01009009009009009,0.55
55,0.972972972972973,0.016936936936936937,0.0,0.01009009009009009,0.56
56,0.972972972972973,0.017657657657657658,0.0,0.009369369369369369,0.57
57,0.972972972972973,0.017657657657657658,0.0,0.009369369369369369,0.58
58,0.972972972972973,0.018378378378378378,0.0,0.008648648648648649,0.59
59,0.972972972972973,0.01981981981981982,0.0,0.007207207207207207,0.6
60,0.972972972972973,0.02018018018018018,0.0,0.006846846846846847,0.61
61,0.972972972972973,0.02054054054054054,0.0,0.006486486486486486,0.62
62,0.972972972972973,0.021261261261261263,0.0,0.005765765765765766,0.63
63,0.972972972972973,0.021621621621621623,0.0,0.005405405405405406,0.64
64,0.972972972972973,0.021981981981981983,0.0,0.005045045045045045,0.65
65,0.972972972972973,0.022342342342342343,0.0,0.0046846846846846845,0.66
66,0.972972972972973,0.022702702702702703,0.0,0.004324324324324324,0.67
67,0.972972972972973,0.023063063063063063,0.0,0.003963963963963964,0.68
68,0.972972972972973,0.023423423423423424,0.0,0.0036036036036036037,0.69
69,0.972972972972973,0.024144144144144144,0.0,0.002882882882882883,0.7
70,0.972972972972973,0.024504504504504504,0.0,0.0025225225225225223,0.71
71,0.972972972972973,0.024864864864864864,0.0,0.002162162162162162,0.72
72,0.972972972972973,0.024864864864864864,0.0,0.002162162162162162,0.73
73,0.972972972972973,0.024864864864864864,0.0,0.002162162162162162,0.74
74,0.972972972972973,0.024864864864864864,0.0,0.002162162162162162,0.75
75,0.972972972972973,0.024864864864864864,0.0,0.002162162162162162,0.76
76,0.972972972972973,0.025225225225225224,0.0,0.0018018018018018018,0.77
77,0.972972972972973,0.025225225225225224,0.0,0.0018018018018018018,0.78
78,0.972972972972973,0.025225225225225224,0.0,0.0018018018018018018,0.79
79,0.972972972972973,0.025225225225225224,0.0,0.0018018018018018018,0.8
80,0.972972972972973,0.025585585585585584,0.0,0.0014414414414414415,0.81
81,0.972972972972973,0.025585585585585584,0.0,0.0014414414414414415,0.82
82,0.972972972972973,0.026306306306306305,0.0,0.0007207207207207207,0.83
83,0.972972972972973,0.026306306306306305,0.0,0.0007207207207207207,0.84
84,0.972972972972973,0.026306306306306305,0.0,0.0007207207207207207,0.85
85,0.972972972972973,0.026306306306306305,0.0,0.0007207207207207207,0.86
86,0.972972972972973,0.026306306306306305,0.0,0.0007207207207207207,0.87
87,0.972972972972973,0.026306306306306305,0.0,0.0007207207207207207,0.88
88,0.972972972972973,0.026306306306306305,0.0,0.0007207207207207207,0.89
89,0.972972972972973,0.026306306306306305,0.0,0.0007207207207207207,0.9
90,0.972972972972973,0.026306306306306305,0.0,0.0007207207207207207,0.91
91,0.972972972972973,0.026306306306306305,0.0,0.0007207207207207207,0.92
92,0.972972972972973,0.026306306306306305,0.0,0.0007207207207207207,0.93
93,0.972972972972973,0.026306306306306305,0.0,0.0007207207207207207,0.94
94,0.972972972972973,0.026306306306306305,0.0,0.0007207207207207207,0.95
95,0.972972972972973,0.026306306306306305,0.0,0.0007207207207207207,0.96
96,0.972972972972973,0.02666666666666667,0.0,0.00036036036036036037,0.97
97,0.972972972972973,0.02666666666666667,0.0,0.00036036036036036037,0.98
98,0.972972972972973,0.02666666666666667,0.0,0.00036036036036036037,0.99
99,0.972972972972973,0.02666666666666667,0.0,0.00036036036036036037,1.0
