,tn,fp,fn,tp,percentage
0,0.00036036036036036037,0.0,0.9726126126126126,0.02702702702702703,0.01
1,0.0018018018018018018,0.0,0.9711711711711711,0.02702702702702703,0.02
2,0.003243243243243243,0.0,0.9697297297297297,0.02702702702702703,0.03
3,0.0046846846846846845,0.0,0.9682882882882883,0.02702702702702703,0.04
4,0.009009009009009009,0.0,0.963963963963964,0.02702702702702703,0.05
5,0.010450450450450451,0.0,0.9625225225225226,0.02702702702702703,0.06
6,0.014774774774774775,0.0,0.9581981981981982,0.02702702702702703,0.07
7,0.022702702702702703,0.0,0.9502702702702702,0.02702702702702703,0.08
8,0.03423423423423423,0.0,0.9387387387387387,0.02702702702702703,0.09
9,0.04936936936936937,0.0,0.9236036036036036,0.02702702702702703,0.1
10,0.07243243243243243,0.0,0.9005405405405406,0.02702702702702703,0.11
11,0.09693693693693693,0.0,0.8760360360360361,0.02702702702702703,0.12
12,0.1362162162162162,0.0,0.8367567567567568,0.02702702702702703,0.13
13,0.17981981981981981,0.0,0.7931531531531532,0.02702702702702703,0.14
14,0.22882882882882882,0.0,0.7441441441441441,0.02702702702702703,0.15
15,0.285045045045045,0.0,0.6879279279279279,0.02702702702702703,0.16
16,0.35315315315315315,0.0,0.6198198198198198,0.02702702702702703,0.17
17,0.4263063063063063,0.0,0.5466666666666666,0.02702702702702703,0.18
18,0.49585585585585584,0.0,0.47711711711711713,0.02702702702702703,0.19
19,0.5618018018018018,0.0,0.4111711711711712,0.02702702702702703,0.2
20,0.625945945945946,0.0,0.34702702702702704,0.02702702702702703,0.21
21,0.6810810810810811,0.0,0.2918918918918919,0.02702702702702703,0.22
22,0.7311711711711711,0.0,0.2418018018018018,0.02702702702702703,0.23
23,0.7794594594594595,0.0,0.1935135135135135,0.02702702702702703,0.24
24,0.8169369369369369,0.0,0.15603603603603602,0.02702702702702703,0.25
25,0.8508108108108108,0.0,0.12216216216216216,0.02702702702702703,0.26
26,0.8767567567567568,0.00036036036036036037,0.09621621621621622,0.02666666666666667,0.27
27,0.8951351351351351,0.0007207207207207207,0.07783783783783783,0.026306306306306305,0.28
28,0.9124324324324324,0.0007207207207207207,0.06054054054054054,0.026306306306306305,0.29
29,0.9218018018018018,0.0018018018018018018,0.05117117117117117,0.025225225225225224,0.3
30,0.9340540540540541,0.002162162162162162,0.03891891891891892,0.024864864864864864,0.31
31,0.9430630630630631,0.0025225225225225223,0.02990990990990991,0.024504504504504504,0.32
32,0.9491891891891892,0.0025225225225225223,0.023783783783783784,0.024504504504504504,0.33
33,0.9491891891891892,0.0025225225225225223,0.023783783783783784,0.024504504504504504,0.34
34,0.9545945945945946,0.003243243243243243,0.018378378378378378,0.023783783783783784,0.35
35,0.9574774774774775,0.0036036036036036037,0.015495495495495495,0.023423423423423424,0.36
36,0.9589189189189189,0.003963963963963964,0.014054054054054054,0.023063063063063063,0.37
37,0.9607207207207207,0.0046846846846846845,0.012252252252252252,0.022342342342342343,0.38
38,0.9632432432432433,0.006126126126126126,0.00972972972972973,0.020900900900900903,0.39
39,0.9664864864864865,0.006126126126126126,0.006486486486486486,0.020900900900900903,0.4
40,0.9668468468468469,0.006486486486486486,0.006126126126126126,0.02054054054054054,0.41
41,0.9682882882882883,0.006846846846846847,0.0046846846846846845,0.02018018018018018,0.42
42,0.9704504504504504,0.006846846846846847,0.0025225225225225223,0.02018018018018018,0.43
43,0.9711711711711711,0.007207207207207207,0.0018018018018018018,0.01981981981981982,0.44
44,0.9715315315315315,0.0075675675675675675,0.0014414414414414415,0.01945945945945946,0.45
45,0.9718918918918918,0.009009009009009009,0.001081081081081081,0.018018018018018018,0.46
46,0.9718918918918918,0.009369369369369369,0.001081081081081081,0.017657657657657658,0.47
47,0.9722522522522522,0.01009009009009009,0.0007207207207207207,0.016936936936936937,0.48
48,0.9722522522522522,0.010810810810810811,0.0007207207207207207,0.016216216216216217,0.49
49,0.9722522522522522,0.011891891891891892,0.0007207207207207207,0.015135135135135135,0.5
50,0.972972972972973,0.012972972972972972,0.0,0.014054054054054054,0.51
51,0.972972972972973,0.014054054054054054,0.0,0.012972972972972972,0.52
52,0.972972972972973,0.015495495495495495,0.0,0.011531531531531532,0.53
53,0.972972972972973,0.016576576576576577,0.0,0.010450450450450451,0.54
54,0.972972972972973,0.016936936936936937,0.0,0.01009009009009009,0.55
55,0.972972972972973,0.016936936936936937,0.0,0.01009009009009009,0.56
56,0.972972972972973,0.018018018018018018,0.0,0.009009009009009009,0.57
57,0.972972972972973,0.018018018018018018,0.0,0.009009009009009009,0.58
58,0.972972972972973,0.018738738738738738,0.0,0.008288288288288289,0.59
59,0.972972972972973,0.02018018018018018,0.0,0.006846846846846847,0.6
60,0.972972972972973,0.02018018018018018,0.0,0.006846846846846847,0.61
61,0.972972972972973,0.021261261261261263,0.0,0.005765765765765766,0.62
62,0.972972972972973,0.021621621621621623,0.0,0.005405405405405406,0.63
63,0.972972972972973,0.021981981981981983,0.0,0.005045045045045045,0.64
64,0.972972972972973,0.022342342342342343,0.0,0.0046846846846846845,0.65
65,0.972972972972973,0.022342342342342343,0.0,0.0046846846846846845,0.66
66,0.972972972972973,0.022342342342342343,0.0,0.0046846846846846845,0.67
67,0.972972972972973,0.023063063063063063,0.0,0.003963963963963964,0.68
68,0.972972972972973,0.023063063063063063,0.0,0.003963963963963964,0.69
69,0.972972972972973,0.023783783783783784,0.0,0.003243243243243243,0.7
70,0.972972972972973,0.024144144144144144,0.0,0.002882882882882883,0.71
71,0.972972972972973,0.024504504504504504,0.0,0.0025225225225225223,0.72
72,0.972972972972973,0.024864864864864864,0.0,0.002162162162162162,0.73
73,0.972972972972973,0.024864864864864864,0.0,0.002162162162162162,0.74
74,0.972972972972973,0.024864864864864864,0.0,0.002162162162162162,0.75
75,0.972972972972973,0.024864864864864864,0.0,0.002162162162162162,0.76
76,0.972972972972973,0.025225225225225224,0.0,0.0018018018018018018,0.77
77,0.972972972972973,0.025225225225225224,0.0,0.0018018018018018018,0.78
78,0.972972972972973,0.025225225225225224,0.0,0.0018018018018018018,0.79
79,0.972972972972973,0.025225225225225224,0.0,0.0018018018018018018,0.8
80,0.972972972972973,0.025585585585585584,0.0,0.0014414414414414415,0.81
81,0.972972972972973,0.025585585585585584,0.0,0.0014414414414414415,0.82
82,0.972972972972973,0.025945945945945945,0.0,0.001081081081081081,0.83
83,0.972972972972973,0.025945945945945945,0.0,0.001081081081081081,0.84
84,0.972972972972973,0.026306306306306305,0.0,0.0007207207207207207,0.85
85,0.972972972972973,0.026306306306306305,0.0,0.0007207207207207207,0.86
86,0.972972972972973,0.026306306306306305,0.0,0.0007207207207207207,0.87
87,0.972972972972973,0.026306306306306305,0.0,0.0007207207207207207,0.88
88,0.972972972972973,0.026306306306306305,0.0,0.0007207207207207207,0.89
89,0.972972972972973,0.026306306306306305,0.0,0.0007207207207207207,0.9
90,0.972972972972973,0.026306306306306305,0.0,0.0007207207207207207,0.91
91,0.972972972972973,0.026306306306306305,0.0,0.0007207207207207207,0.92
92,0.972972972972973,0.026306306306306305,0.0,0.0007207207207207207,0.93
93,0.972972972972973,0.026306306306306305,0.0,0.0007207207207207207,0.94
94,0.972972972972973,0.026306306306306305,0.0,0.0007207207207207207,0.95
95,0.972972972972973,0.026306306306306305,0.0,0.0007207207207207207,0.96
96,0.972972972972973,0.026306306306306305,0.0,0.0007207207207207207,0.97
97,0.972972972972973,0.02666666666666667,0.0,0.00036036036036036037,0.98
98,0.972972972972973,0.02666666666666667,0.0,0.00036036036036036037,0.99
99,0.972972972972973,0.02666666666666667,0.0,0.00036036036036036037,1.0
