,tn,fp,fn,tp,percentage
0,0.0007207207207207207,0.0,0.9722522522522522,0.02702702702702703,0.01
1,0.0025225225225225223,0.0,0.9704504504504504,0.02702702702702703,0.02
2,0.004324324324324324,0.0,0.9686486486486486,0.02702702702702703,0.03
3,0.005765765765765766,0.0,0.9672072072072072,0.02702702702702703,0.04
4,0.01009009009009009,0.0,0.9628828828828829,0.02702702702702703,0.05
5,0.012612612612612612,0.0,0.9603603603603603,0.02702702702702703,0.06
6,0.018378378378378378,0.0,0.9545945945945946,0.02702702702702703,0.07
7,0.02774774774774775,0.0,0.9452252252252252,0.02702702702702703,0.08
8,0.04216216216216216,0.0,0.9308108108108109,0.02702702702702703,0.09
9,0.0627027027027027,0.0,0.9102702702702703,0.02702702702702703,0.1
10,0.08792792792792793,0.0,0.885045045045045,0.02702702702702703,0.11
11,0.12144144144144144,0.0,0.8515315315315315,0.02702702702702703,0.12
12,0.1682882882882883,0.0,0.8046846846846847,0.02702702702702703,0.13
13,0.2154954954954955,0.0,0.7574774774774775,0.02702702702702703,0.14
14,0.27387387387387385,0.0,0.6990990990990991,0.02702702702702703,0.15
15,0.34486486486486484,0.0,0.6281081081081081,0.02702702702702703,0.16
16,0.4209009009009009,0.0,0.5520720720720721,0.02702702702702703,0.17
17,0.4944144144144144,0.0,0.47855855855855856,0.02702702702702703,0.18
18,0.5646846846846847,0.0,0.4082882882882883,0.02702702702702703,0.19
19,0.6288288288288288,0.0,0.3441441441441441,0.02702702702702703,0.2
20,0.6886486486486486,0.0,0.2843243243243243,0.02702702702702703,0.21
21,0.7387387387387387,0.0,0.23423423423423423,0.02702702702702703,0.22
22,0.7877477477477477,0.0,0.18522522522522522,0.02702702702702703,0.23
23,0.8230630630630631,0.0,0.1499099099099099,0.02702702702702703,0.24
24,0.8230630630630631,0.0,0.1499099099099099,0.02702702702702703,0.25
25,0.8576576576576577,0.0,0.11531531531531532,0.02702702702702703,0.26
26,0.8836036036036036,0.00036036036036036037,0.08936936936936937,0.02666666666666667,0.27
27,0.9005405405405406,0.0007207207207207207,0.07243243243243243,0.026306306306306305,0.28
28,0.9167567567567567,0.001081081081081081,0.05621621621621622,0.025945945945945945,0.29
29,0.9268468468468468,0.002162162162162162,0.04612612612612613,0.024864864864864864,0.3
30,0.9387387387387387,0.0025225225225225223,0.03423423423423423,0.024504504504504504,0.31
31,0.9466666666666667,0.0025225225225225223,0.026306306306306305,0.024504504504504504,0.32
32,0.9524324324324325,0.003243243243243243,0.02054054054054054,0.023783783783783784,0.33
33,0.9563963963963964,0.003243243243243243,0.016576576576576577,0.023783783783783784,0.34
34,0.9581981981981982,0.0036036036036036037,0.014774774774774775,0.023423423423423424,0.35
35,0.9607207207207207,0.0046846846846846845,0.012252252252252252,0.022342342342342343,0.36
36,0.9625225225225226,0.005045045045045045,0.010450450450450451,0.021981981981981983,0.37
37,0.9650450450450451,0.006126126126126126,0.007927927927927928,0.020900900900900903,0.38
38,0.9664864864864865,0.006126126126126126,0.006486486486486486,0.020900900900900903,0.39
39,0.9679279279279279,0.006486486486486486,0.005045045045045045,0.02054054054054054,0.4
40,0.9704504504504504,0.006846846846846847,0.0025225225225225223,0.02018018018018018,0.41
41,0.9708108108108108,0.007207207207207207,0.002162162162162162,0.01981981981981982,0.42
42,0.9711711711711711,0.007207207207207207,0.0018018018018018018,0.01981981981981982,0.43
43,0.9718918918918918,0.008648648648648649,0.001081081081081081,0.018378378378378378,0.44
44,0.9718918918918918,0.009009009009009009,0.001081081081081081,0.018018018018018018,0.45
45,0.9722522522522522,0.00972972972972973,0.0007207207207207207,0.017297297297297298,0.46
46,0.9722522522522522,0.010450450450450451,0.0007207207207207207,0.016576576576576577,0.47
47,0.9722522522522522,0.011531531531531532,0.0007207207207207207,0.015495495495495495,0.48
48,0.972972972972973,0.012612612612612612,0.0,0.014414414414414415,0.49
49,0.972972972972973,0.012612612612612612,0.0,0.014414414414414415,0.5
50,0.972972972972973,0.014774774774774775,0.0,0.012252252252252252,0.51
51,0.972972972972973,0.015135135135135135,0.0,0.011891891891891892,0.52
52,0.972972972972973,0.016216216216216217,0.0,0.010810810810810811,0.53
53,0.972972972972973,0.016936936936936937,0.0,0.01009009009009009,0.54
54,0.972972972972973,0.016936936936936937,0.0,0.01009009009009009,0.55
55,0.972972972972973,0.018018018018018018,0.0,0.009009009009009009,0.56
56,0.972972972972973,0.018018018018018018,0.0,0.009009009009009009,0.57
57,0.972972972972973,0.018738738738738738,0.0,0.008288288288288289,0.58
58,0.972972972972973,0.02018018018018018,0.0,0.006846846846846847,0.59
59,0.972972972972973,0.02054054054054054,0.0,0.006486486486486486,0.6
60,0.972972972972973,0.021261261261261263,0.0,0.005765765765765766,0.61
61,0.972972972972973,0.021621621621621623,0.0,0.005405405405405406,0.62
62,0.972972972972973,0.021981981981981983,0.0,0.005045045045045045,0.63
63,0.972972972972973,0.022342342342342343,0.0,0.0046846846846846845,0.64
64,0.972972972972973,0.022702702702702703,0.0,0.004324324324324324,0.65
65,0.972972972972973,0.023063063063063063,0.0,0.003963963963963964,0.66
66,0.972972972972973,0.023423423423423424,0.0,0.0036036036036036037,0.67
67,0.972972972972973,0.023783783783783784,0.0,0.003243243243243243,0.68
68,0.972972972972973,0.024144144144144144,0.0,0.002882882882882883,0.69
69,0.972972972972973,0.024504504504504504,0.0,0.0025225225225225223,0.7
70,0.972972972972973,0.024864864864864864,0.0,0.002162162162162162,0.71
71,0.972972972972973,0.024864864864864864,0.0,0.002162162162162162,0.72
72,0.972972972972973,0.024864864864864864,0.0,0.002162162162162162,0.73
73,0.972972972972973,0.024864864864864864,0.0,0.002162162162162162,0.74
74,0.972972972972973,0.024864864864864864,0.0,0.002162162162162162,0.75
75,0.972972972972973,0.025225225225225224,0.0,0.0018018018018018018,0.76
76,0.972972972972973,0.025225225225225224,0.0,0.0018018018018018018,0.77
77,0.972972972972973,0.025225225225225224,0.0,0.0018018018018018018,0.78
78,0.972972972972973,0.025225225225225224,0.0,0.0018018018018018018,0.79
79,0.972972972972973,0.025225225225225224,0.0,0.0018018018018018018,0.8
80,0.972972972972973,0.025585585585585584,0.0,0.0014414414414414415,0.81
81,0.972972972972973,0.025585585585585584,0.0,0.0014414414414414415,0.82
82,0.972972972972973,0.025945945945945945,0.0,0.001081081081081081,0.83
83,0.972972972972973,0.026306306306306305,0.0,0.0007207207207207207,0.84
84,0.972972972972973,0.026306306306306305,0.0,0.0007207207207207207,0.85
85,0.972972972972973,0.026306306306306305,0.0,0.0007207207207207207,0.86
86,0.972972972972973,0.026306306306306305,0.0,0.0007207207207207207,0.87
87,0.972972972972973,0.026306306306306305,0.0,0.0007207207207207207,0.88
88,0.972972972972973,0.026306306306306305,0.0,0.0007207207207207207,0.89
89,0.972972972972973,0.026306306306306305,0.0,0.0007207207207207207,0.9
90,0.972972972972973,0.026306306306306305,0.0,0.0007207207207207207,0.91
91,0.972972972972973,0.026306306306306305,0.0,0.0007207207207207207,0.92
92,0.972972972972973,0.026306306306306305,0.0,0.0007207207207207207,0.93
93,0.972972972972973,0.026306306306306305,0.0,0.0007207207207207207,0.94
94,0.972972972972973,0.026306306306306305,0.0,0.0007207207207207207,0.95
95,0.972972972972973,0.026306306306306305,0.0,0.0007207207207207207,0.96
96,0.972972972972973,0.02666666666666667,0.0,0.00036036036036036037,0.97
97,0.972972972972973,0.02666666666666667,0.0,0.00036036036036036037,0.98
98,0.972972972972973,0.02666666666666667,0.0,0.00036036036036036037,0.99
99,0.972972972972973,0.02666666666666667,0.0,0.00036036036036036037,1.0
